$ 1 0.000005 0.013533528323661271 50 5 50
155 80 176 128 176 0 0
I -96 96 -48 96 0 0.5 5
I 0 96 48 96 0 0.5 5
I -48 96 0 96 0 0.5 5
w 48 96 48 144 0
w 48 144 -96 144 0
w -96 144 -96 96 0
L 160 144 160 112 0 0 false 5 0
M 48 96 80 96 0 2.5
w 48 144 48 208 0
w 48 208 80 208 0
M 176 176 192 176 0 2.5
M 176 240 192 240 0 2.5
w 160 144 80 144 0
w 80 144 80 176 0
w 304 144 224 144 0
M 320 240 336 240 0 2.5
M 320 176 336 176 0 2.5
L 304 144 304 112 0 0 false 5 0
155 224 176 272 176 0 0
w 224 144 224 176 0
w 224 208 224 272 0
w 224 272 48 272 0
w 48 272 48 208 0
x 147 77 148 80 4 14 \0
