$ 1 0.000005 0.010109782498721881 50 5 50
I -336 32 -272 32 0 0.5 5
I -272 32 -208 32 0 0.5 5
I -208 32 -144 32 0 0.5 5
w -336 32 -336 80 0
w -336 80 -272 80 0
w -144 80 -144 32 0
M -144 32 -112 32 0 2.5
155 -256 128 -192 128 0 5
w -272 80 -272 160 0
w -256 160 -272 160 0
w -272 80 -144 80 0
w -256 128 -256 96 0
w -256 96 -144 96 0
w -144 96 -144 176 0
w 32 192 16 192 0
155 -80 128 -16 128 0 5
w -144 192 -80 192 0
w -80 192 -80 160 0
M -160 128 -112 128 0 2.5
w -144 176 -144 192 0
M -144 176 -112 176 0 2.5
w -144 192 -160 192 0
w 32 192 32 96 0
w 32 96 -80 96 0
w -80 96 -80 128 0
M 16 128 64 128 0 2.5
M 32 192 64 192 0 2.5
