$ 1 0.000005 2.5790339917193066 50 5 43
155 -16 144 96 144 0 0
155 144 144 208 144 0 0
155 304 144 368 144 0 4.999999999999999
R -96 240 -128 240 1 2 300 2.5 2.5 0 0.5
I -96 240 -48 240 0 0.5 5
w -48 240 -16 240 0
w -16 240 -16 176 0
w -16 240 144 240 0
w 144 240 144 176 0
w 144 240 304 240 0
w 304 240 304 176 0
w 80 144 96 144 0
w 96 144 96 64 0
w 240 208 240 288 0
w 240 288 512 288 0
w 240 144 256 144 0
w 256 144 256 64 0
w -16 144 -16 96 0
w -16 96 592 96 0
w 144 144 144 112 0
w 144 112 240 112 0
w 400 144 400 64 0
w 240 208 240 112 0
w 304 144 304 112 0
w 304 112 480 112 0
w 96 144 96 256 0
w 96 256 464 256 0
150 512 272 560 272 0 2 0 5
152 480 192 480 144 0 2 0 5
152 592 192 592 144 0 2 0 5
w 464 256 464 192 0
w 256 144 256 272 0
w 256 272 496 272 0
w 496 272 496 192 0
w 400 208 608 208 0
w 608 208 608 192 0
w 464 256 512 256 0
w 560 272 576 272 0
w 576 272 576 192 0
w 480 112 480 144 0
w 592 96 592 144 0
162 96 64 96 32 2 default-led 1 0 0 0.01
162 256 64 256 32 2 default-led 1 0 0 0.01
162 400 64 400 32 2 default-led 1 0 0 0.01
w 96 32 256 32 0
w 256 32 400 32 0
w 400 32 496 32 0
g 496 32 528 32 0
o 3 64 0 4102 5 0.1 0 2 3 3
