$ 1 0.000005 5.459815003314424 50 5 50
R -400 32 -432 32 1 2 100 2.5 2.5 0 0.5
w -352 -128 -240 -128 0
w -208 -128 -208 -96 0
w -208 -128 -96 -128 0
w -64 -96 -64 -128 0
w -64 -128 48 -128 0
w 32 -96 32 -144 0
w -112 -96 -112 -144 0
w -256 -96 -256 -144 0
162 32 -144 32 -176 2 default-led 1 0 0 0.01
162 -112 -144 -112 -176 2 default-led 1 0 0 0.01
162 -256 -144 -256 -176 2 default-led 1 0 0 0.01
g 32 -176 64 -176 0
w 32 -176 -112 -176 0
w -112 -176 -256 -176 0
x -261 -189 -242 -186 4 14 Q0
x -120 -189 -101 -186 4 14 Q1
x 22 -189 41 -186 4 14 Q2
w -352 -96 -352 -128 0
w 48 -128 48 -32 0
w -96 -32 -96 -128 0
w -112 -32 -96 -32 0
w 48 -32 32 -32 0
w -256 -32 -240 -32 0
w -240 -128 -240 -32 0
403 -512 -48 -384 16 0 11_64_0_4102_10_0.1_1_2_11_3_Q0
403 -512 -112 -384 -48 0 10_64_0_4102_10_0.1_1_2_10_3_Q1
403 -512 -176 -384 -112 0 9_64_0_4102_10_0.1_1_2_9_3_Q2
155 -352 -96 -336 -96 0 5
155 -208 -96 -192 -96 0 0
155 -64 -96 -48 -96 0 5
w -112 -96 -80 -96 0
184 -352 32 -336 32 0 1
184 -208 32 -192 32 0 1
184 -64 32 -48 32 0 1
w 0 128 -144 128 0
w -144 128 -288 128 0
w -288 128 -352 128 0
w -96 -32 -96 64 0
I -400 64 -352 64 0 0.5 5
w -400 64 -400 32 0
w -400 32 -352 32 0
w -256 32 -256 0 0
w -256 0 -352 0 0
w -352 0 -352 -64 0
w -256 -96 -224 -96 0
w -224 -96 -224 32 0
w -224 32 -208 32 0
w -208 64 -240 64 0
w -240 64 -240 -32 0
w -64 64 -96 64 0
w -112 32 -112 0 0
w -112 0 -208 0 0
w -208 0 -208 -64 0
w -80 -96 -80 32 0
w -80 32 -64 32 0
w 32 32 32 0 0
w 32 0 -64 0 0
w -64 0 -64 -64 0
L -352 128 -400 128 2 1 false 5 0
x -508 114 -414 117 4 14 0:\sdecreasing
x -507 131 -417 134 4 14 1:\sincreasing
