$ 0 1e-9 16.817414165184545 50 5 50
. inv 0 2 1 2 in 3 0 2 out 4 0 3 GroundElm\s1\rRailElm\s2\rMosfetElm\s3\s1\s4\rMosfetElm\s3\s4\s2\rCapacitorElm\s3\s5\rGroundElm\s5 0\s0\\s0\\s40\\s5\\s0\\s0\\s0.5\s32\\s1.5\\s0.002\s33\\s1.5\\s0.002\s0\\s1e-10\\s1.4654278704104329\s0
410 -160 272 -112 336 1 inv 0 0\s0\s40\s5\s0\s0\s0.5 32\s1.5\s0.002 33\s1.5\s0.002 0\s6e-10\s0.001 0
410 -64 272 -16 336 1 inv 0 0\s0\s40\s5\s0\s0\s0.5 32\s1.5\s0.002 33\s1.5\s0.002 0\s6e-10\s0.001 0
410 32 272 80 336 1 inv 0 0\s0\s40\s5\s0\s0\s0.5 32\s1.5\s0.002 33\s1.5\s0.002 0\s6e-10\s0.001 0
w 128 272 128 224 0
w 128 224 -160 224 0
w -160 224 -160 272 0
155 -96 368 -32 368 0 0
w -160 272 -160 400 0
w -160 400 -96 400 0
w -96 320 -96 368 0
. delay 0 2 2 2 in 1 0 2 out 8 0 3 MosfetElm\s1\s2\s3\rMosfetElm\s1\s4\s2\rRailElm\s3\rGroundElm\s4\rGroundElm\s6\rRailElm\s7\rCapacitorElm\s6\s5\rMosfetElm\s5\s6\s8\rMosfetElm\s5\s8\s7\rMosfetElm\s2\s9\s10\rMosfetElm\s2\s11\s9\rCapacitorElm\s11\s2\rRailElm\s10\rGroundElm\s11\rGroundElm\s12\rRailElm\s13\rCapacitorElm\s12\s9\rMosfetElm\s9\s12\s5\rMosfetElm\s9\s5\s13 33\\s1.5\\s0.00002345678\s32\\s1.5\\s0.00002345678\s0\\s0\\s40\\s5\\s0\\s0\\s0.5\s0\s0\s0\\s0\\s40\\s5\\s0\\s0\\s0.5\s0\\s1.0000000000000001e-11\\s-4.654542291718025\s32\\s1.5\\s0.00002345678\s33\\s1.5\\s0.00002345678\s33\\s1.5\\s0.00002345678\s32\\s1.5\\s0.00002345678\s0\\s1.0000000000000001e-11\\s-4.997650213954653\s0\\s0\\s40\\s5\\s0\\s0\\s0.5\s0\s0\s0\\s0\\s40\\s5\\s0\\s0\\s0.5\s0\\s1.0000000000000001e-11\\s-0.023468459867050227\s32\\s1.5\\s0.00002345678\s33\\s1.5\\s0.00002345678
410 16 368 48 416 1 delay 33\s1.5\s0.00002345678 32\s1.5\s0.00002345678 0\s0\s40\s5\s0\s0\s0.5 0 0 0\s0\s40\s5\s0\s0\s0.5 0\s1.0000000000000001e-11\s0.001 32\s1.5\s0.00002345678 33\s1.5\s0.00002345678 33\s1.5\s0.00002345678 32\s1.5\s0.00002345678 0\s1.0000000000000001e-11\s0.001 0\s0\s40\s5\s0\s0\s0.5 0 0 0\s0\s40\s5\s0\s0\s0.5 0\s1.0000000000000001e-11\s0.001 32\s1.5\s0.00002345678 33\s1.5\s0.00002345678
207 0 368 0 352 5 Q1
207 128 272 144 272 4 clock
155 208 496 272 496 0 0
w 304 560 336 560 0
207 304 496 304 480 5 Q2
w -160 400 -160 528 0
410 112 368 144 416 1 delay 33\s1.5\s0.00002345678 32\s1.5\s0.00002345678 0\s0\s40\s5\s0\s0\s0.5 0 0 0\s0\s40\s5\s0\s0\s0.5 0\s1.0000000000000001e-11\s0.001 32\s1.5\s0.00002345678 33\s1.5\s0.00002345678 33\s1.5\s0.00002345678 32\s1.5\s0.00002345678 0\s1.0000000000000001e-11\s0.001 0\s0\s40\s5\s0\s0\s0.5 0 0 0\s0\s40\s5\s0\s0\s0.5 0\s1.0000000000000001e-11\s0.001 32\s1.5\s0.00002345678 33\s1.5\s0.00002345678
207 112 368 112 352 4 Q1a
207 208 368 208 352 5 Q1b
x 67 269 87 272 4 16 inv
x -25 269 -5 272 4 16 inv
x -124 270 -104 273 4 16 inv
x 42 403 86 406 4 16 atraso
x 137 405 181 408 4 16 atraso
w 336 560 336 320 0
w 112 368 112 496 0
w 112 496 208 496 0
w 336 320 -96 320 0
w 16 368 0 368 0
w -160 528 208 528 0
o 12 64 3 4102 5 0.1 0 1
o 12 64 0 4102 5 0.00009765625 0 2 12 3
o 11 64 0 4102 5 0.00009765625 0 2 11 3
o 15 64 0 4102 5 0.00009765625 0 2 15 3
