$ 1 0.000005 5.023272298708815 50 5 43
R -272 256 -320 256 1 2 100 2.5 2.5 0 0.5
155 -80 144 -16 144 0 5
155 64 144 128 144 0 5
w -272 256 -224 256 0
w -224 256 -224 176 0
w -224 256 -80 256 0
w -80 256 -80 176 0
w -80 256 64 256 0
w 64 256 64 176 0
w -128 144 -112 144 0
w -112 144 -112 240 0
w 16 144 32 144 0
w 32 144 32 240 0
w 160 144 176 144 0
w 176 144 176 240 0
w -128 208 -128 112 0
w -128 112 -224 112 0
w -224 112 -224 144 0
w 176 144 176 96 0
w 176 96 -304 96 0
w -304 96 -304 0 0
w -112 144 -112 64 0
w 32 144 32 80 0
w 16 208 16 32 0
w -128 112 -128 48 0
w 160 208 160 16 0
150 -288 0 -288 -80 0 2 0 5
152 -192 0 -192 -80 0 2 0 5
w -192 -80 -240 -80 0
w -240 -80 -240 0 0
w -240 0 -272 0 0
w -128 48 -208 48 0
w -208 48 -208 0 0
w 16 32 -176 32 0
w -176 32 -176 0 0
152 -304 -112 -304 -192 0 2 0 5
w -288 -80 -288 -112 0
w 160 16 -352 16 0
w 32 80 -384 80 0
w -112 64 -368 64 0
150 -368 0 -368 -80 0 3 0 5
w -352 16 -352 0 0
w -368 64 -368 0 0
w -384 80 -384 0 0
w -368 -80 -320 -80 0
w -320 -80 -320 -112 0
w -304 -192 -256 -192 0
w -96 0 -96 112 0
w -96 112 64 112 0
w 64 112 64 144 0
w -256 -192 -256 -96 0
w -256 -96 -144 -96 0
w -144 -96 -144 0 0
w -144 0 -96 0 0
150 -16 0 -16 -80 0 2 0 5
150 64 0 64 -80 0 2 0 5
w 32 80 32 64 0
w 32 64 48 64 0
w 48 64 48 0 0
w 16 32 16 0 0
w 16 0 0 0 0
w -112 64 -32 64 0
w -32 64 -32 0 0
w -128 48 80 48 0
w 80 48 80 0 0
152 32 -112 32 -176 0 2 0 5
w 16 -80 -16 -80 0
w 16 -80 16 -112 0
w 64 -80 48 -80 0
w 48 -80 48 -112 0
w -80 144 -80 0 0
w -80 0 -64 0 0
w -64 0 -64 -96 0
w -64 -96 -16 -96 0
w -16 -96 -16 -192 0
w -16 -192 32 -192 0
w 32 -192 32 -176 0
162 -112 240 -112 320 2 default-led 1 0 0 0.01
162 32 240 32 320 2 default-led 1 0 0 0.01
162 176 240 176 320 2 default-led 1 0 0 0.01
w -112 320 32 320 0
w 32 320 176 320 0
g -112 320 -160 320 0
155 -224 144 -160 144 0 4.999999999999999
x 195 287 220 290 4 18 Q2
x 49 287 74 290 4 18 Q1
x -93 287 -68 290 4 18 Q0
403 -496 176 -368 240 0 78_64_0_4102_10_0.1_0_2_78_3_Q1
403 -496 112 -368 176 0 79_64_0_4102_10_0.1_1_2_79_3_Q2
403 -496 256 -368 320 0 77_64_0_4102_10_0.1_0_2_77_3_Q0
