$ 3 0.000005 10.20027730826997 50 5 50
L -272 -472 -272 -496 2 0 false 5 0
L -232 -472 -232 -496 2 0 false 5 0
L -192 -472 -192 -496 2 0 false 5 0
L -152 -472 -152 -496 2 1 false 5 0
w 72 -472 72 -408 0
w 48 -472 72 -472 0
I 48 -472 48 -424 0 0.5 5
L 48 -472 48 -496 2 0 false 5 0
w 184 -472 184 -320 0
L 184 -472 184 -496 2 0 false 5 0
184 40 -368 64 -368 1 1
w 40 -368 40 -408 0
w 40 -408 72 -408 0
w 48 -424 32 -424 0
w 32 -424 32 -352 0
w 32 -352 40 -352 0
w 88 -368 88 -304 0
w 152 -368 152 -304 0
w 96 -352 104 -352 0
w 96 -424 96 -352 0
w 112 -424 96 -424 0
w 104 -408 136 -408 0
w 104 -368 104 -408 0
184 104 -368 128 -368 1 1
L 112 -472 112 -496 2 1 false 5 0
I 112 -472 112 -424 0 0.5 5
w 112 -472 136 -472 0
w 136 -472 136 -408 0
w -40 -368 -40 -304 0
w -96 -352 -88 -352 0
w -96 -424 -96 -352 0
w -80 -424 -96 -424 0
w -88 -408 -56 -408 0
w -88 -368 -88 -408 0
184 -88 -368 -64 -368 1 1
L -80 -472 -80 -496 2 0 false 5 0
I -80 -472 -80 -424 0 0.5 5
w -80 -472 -56 -472 0
w -56 -472 -56 -408 0
w 24 -368 24 -296 0
w -32 -352 -24 -352 0
w -32 -424 -32 -352 0
w -16 -424 -32 -424 0
w -24 -408 8 -408 0
w -24 -368 -24 -408 0
184 -24 -368 0 -368 1 1
L -16 -472 -16 -496 2 0 false 5 0
I -16 -472 -16 -424 0 0.5 5
w -16 -472 8 -472 0
w 8 -472 8 -408 0
w 184 -320 136 -320 0
w 136 -320 72 -320 0
w 72 -320 8 -320 0
w 8 -320 -56 -320 0
L 224 -472 224 -496 2 0 false 5 0
w 224 -472 224 -320 0
w 264 -472 264 -312 0
L 264 -472 264 -496 2 0 false 5 0
184 136 -88 168 -88 1 2
184 32 -88 56 -88 1 2
184 -56 -88 -32 -88 1 2
184 -160 -88 -136 -88 1 2
150 -248 -272 -248 -224 1 2 0 5
150 -280 -272 -280 -224 1 2 0 5
150 -216 -272 -216 -224 1 2 0 5
150 -184 -272 -184 -224 1 2 5 5
w -288 -336 -288 -272 0
w -104 -304 -272 -304 0
w -272 -304 -272 -272 0
w -32 -296 -240 -296 0
w -240 -296 -240 -272 0
w -208 -272 -208 -288 0
w -208 -288 48 -288 0
w 88 -288 88 -304 0
w -176 -272 -176 -280 0
w -176 -280 120 -280 0
w 152 -280 152 -304 0
w -288 -336 -224 -336 0
w -224 -344 -224 -336 0
w -200 -352 -200 -328 0
w -256 -272 -256 -328 0
w -256 -328 -200 -328 0
w -176 -360 -176 -320 0
w -176 -320 -224 -320 0
w -224 -320 -224 -272 0
w -192 -272 -192 -312 0
w -192 -312 -152 -312 0
w -152 -312 -152 -408 0
w 208 -320 208 -8 0
w 224 -312 224 0 0
w 168 0 64 0 0
w 208 -8 184 -8 0
w 168 0 168 -8 0
w -280 -224 -280 -112 0
w 136 -136 136 -88 0
w 32 -128 32 -88 0
w -56 -88 -56 -120 0
w -160 -88 -160 -112 0
w -248 -120 -248 -224 0
w -216 -224 -216 -128 0
w -184 -224 -184 -136 0
152 -416 -264 -416 -232 1 2 0 5
152 -384 -264 -384 -232 1 2 0 5
152 -352 -264 -352 -232 1 2 0 5
152 -320 -264 -320 -232 1 2 5 5
w -288 -336 -424 -336 0
w -424 -264 -424 -336 0
w -256 -328 -392 -328 0
w -392 -264 -392 -328 0
w -360 -264 -360 -320 0
w -360 -320 -224 -320 0
w -192 -312 -328 -312 0
w -328 -312 -328 -264 0
w -176 -280 -312 -280 0
w -312 -280 -312 -264 0
w -208 -288 -344 -288 0
w -344 -264 -344 -288 0
w -240 -296 -376 -296 0
w -376 -264 -376 -296 0
w -272 -304 -408 -304 0
w -408 -264 -408 -304 0
w -160 -72 -168 -72 0
w -168 -168 -168 -208 0
w -168 -208 -320 -208 0
w -320 -208 -320 -232 0
w -56 -72 -64 -72 0
w -64 -72 -64 -152 0
w -64 -152 -232 -152 0
w -200 -160 -200 -200 0
w -200 -200 -352 -200 0
w -352 -200 -352 -232 0
w -384 -232 -384 -192 0
w -384 -192 -232 -192 0
w -232 -192 -232 -152 0
w -200 -160 24 -160 0
w 24 -72 32 -72 0
w 136 -72 128 -72 0
w 128 -72 128 -168 0
w 128 -168 -168 -168 0
w -264 -144 -264 -184 0
w -264 -184 -416 -184 0
w -416 -184 -416 -232 0
196 128 -240 144 -240 1
196 56 -240 72 -240 1
196 -24 -240 -8 -240 1
196 -96 -240 -80 -240 1
w 184 -320 184 -312 0
w 184 -312 192 -312 0
w 192 -312 192 -184 0
w 192 -184 128 -184 0
w 128 -184 128 -208 0
w 112 -240 112 -184 0
w 56 -192 184 -192 0
w 184 -192 184 -240 0
w 184 -240 176 -240 0
w 56 -192 56 -208 0
w 112 -240 104 -240 0
w 112 -184 -24 -184 0
w -24 -184 -24 -208 0
w 24 -240 32 -240 0
w 32 -240 32 -192 0
w 32 -192 -96 -192 0
w -96 -192 -96 -208 0
w -48 -240 -40 -240 0
w -40 -240 -40 -176 0
w -40 -176 240 -176 0
w 176 -208 176 -128 0
w 176 -128 120 -128 0
w 120 -128 120 -56 0
w 120 -56 136 -56 0
w 32 -56 16 -56 0
w 16 -56 16 -120 0
w 104 -120 104 -208 0
w -56 -56 -72 -56 0
w -72 -56 -72 -112 0
w -72 -112 40 -112 0
w -160 -56 -176 -56 0
w -176 -56 -176 -104 0
w -176 -104 -48 -104 0
w -48 -104 -48 -208 0
w -144 -336 -144 -248 0
w -176 -320 -128 -320 0
w -144 -248 -96 -248 0
w -136 -256 -24 -256 0
w -200 -328 -136 -328 0
w -136 -328 -136 -256 0
w -128 -264 56 -264 0
w 56 -264 56 -240 0
w 128 -240 128 -272 0
w 128 -272 -120 -272 0
w -128 -264 -128 -320 0
w -144 -336 -224 -336 0
w -120 -272 -120 -312 0
w -120 -312 -152 -312 0
w 88 -288 48 -288 0
w 48 -288 48 -224 0
w 48 -224 56 -224 0
w -24 -224 -32 -224 0
w -32 -224 -32 -296 0
w -32 -296 24 -296 0
w 120 -224 120 -280 0
w 120 -280 152 -280 0
w -104 -224 -104 -304 0
w -104 -304 -40 -304 0
162 272 -112 312 -112 2 default-led 1 0 0 0.01
162 272 -80 312 -80 2 default-led 1 0 0 0.01
162 272 -48 312 -48 2 default-led 1 0 0 0.01
162 272 -16 312 -16 2 default-led 1 0 0 0.01
w -96 -88 -96 32 0
w 200 8 240 8 0
w 200 8 200 -88 0
w 96 -88 96 16 0
w 96 16 248 16 0
w 240 8 240 -16 0
w 240 -16 272 -16 0
w 248 16 248 -48 0
w 248 -48 272 -48 0
w 272 -80 256 -80 0
w 256 -80 256 24 0
w 256 24 8 24 0
w 8 24 8 -88 0
w 272 -112 264 -112 0
w 264 -112 264 32 0
w 264 32 -96 32 0
162 312 -168 312 -128 2 default-led 1 0 0 0.01
w -168 -72 -168 -144 0
w -168 -144 -264 -144 0
w 24 -72 24 -160 0
w -160 -112 -280 -112 0
w -248 -120 -56 -120 0
w -216 -128 32 -128 0
w -184 -136 136 -136 0
g 312 16 304 16 0
w 312 -16 312 -48 0
w 312 -48 312 -80 0
w 312 -80 312 -112 0
w 312 -128 312 -112 0
w 128 -224 120 -224 0
w -96 -248 -96 -240 0
w -104 -224 -96 -224 0
w -24 -240 -24 -256 0
w 24 -208 40 -208 0
w 40 -208 40 -112 0
w 16 -120 104 -120 0
w 224 0 168 0 0
w 64 0 64 -8 0
w 64 0 -24 0 0
w -24 0 -24 -8 0
w -24 0 -128 0 0
w -128 0 -128 -8 0
w 184 -8 80 -8 0
w 80 -8 -8 -8 0
w -176 -56 -176 40 0
w -176 40 136 40 0
w 136 40 136 -40 0
w -8 -8 -112 -8 0
w 32 -192 32 -160 0
w 32 -160 240 -160 0
154 240 -168 312 -168 1 2 0 5
x 332 -146 386 -143 4 12 carry\sout
x 321 -108 336 -105 4 12 S3
x 322 -76 337 -73 4 12 S2
x 321 -44 336 -41 4 12 S1
x 322 -12 337 -9 4 12 S0
x -279 -516 -264 -513 4 12 A3
x -22 -516 -7 -513 4 12 B2
x 42 -516 57 -513 4 12 B1
x 101 -515 116 -512 4 12 B0
x -161 -516 -146 -513 4 12 A0
x -87 -514 -72 -511 4 12 B3
w -192 -360 -192 -472 0
w -152 -408 -152 -472 0
w -232 -352 -232 -472 0
w -272 -344 -272 -472 0
w -224 -344 -272 -344 0
w -200 -352 -232 -352 0
x -238 -516 -223 -513 4 12 A2
x -200 -516 -185 -513 4 12 A1
w -176 -360 -192 -360 0
w 224 -312 264 -312 0
w 208 -320 224 -320 0
x 178 -513 192 -510 4 12 F2
x 216 -513 230 -510 4 12 F1
x 257 -512 271 -509 4 12 F0
x 174 -527 197 -524 4 8 (MSB)
x 254 -527 275 -524 4 8 (LSB)
x -281 -531 -258 -528 4 8 (MSB)
x -89 -529 -66 -526 4 8 (MSB)
x 338 -108 361 -105 4 8 (MSB)
x 99 -528 120 -525 4 8 (LSB)
x -163 -530 -142 -527 4 8 (LSB)
x 341 -13 362 -10 4 8 (LSB)
w 312 16 312 -16 0
